60 0.790658 0.920836 0.415494 0.156772 0.508496
56 0.230051 0.516963 0.194203 0.0692806 0.515901
42 0.34983 0.56358 0.112484 0.0821603 0.545828
60 0.501503 0.90624 0.996962 0.184278 0.560644
55 0.373254 0.517092 0.0777527 0.0564705 0.589475
42 0.273626 0.639758 0.269312 0.235423 0.621397
56 0.0688871 0.551128 0.137483 0.218705 0.707951
56 0.253266 0.447238 0.155374 0.081768 0.794189
0 0.181046 0.323424 0.130796 0.120987 0.805975
0 0.601129 0.378289 0.196567 0.237085 0.828883
0 0.309705 0.325189 0.172955 0.180417 0.840896
56 0.688296 0.515657 0.190029 0.250334 0.86196
0 0.384397 0.562026 0.768794 0.592981 0.955449
