0 0.471547 0.632928 0.0509707 0.114292 0.532283
0 0.356365 0.643241 0.0454304 0.0900744 0.546035
0 0.805574 0.696022 0.0656347 0.147307 0.559402
56 0.0961291 0.751355 0.0670321 0.123445 0.567631
25 0.606796 0.454073 0.421411 0.108517 0.597907
0 0.738433 0.740219 0.0863337 0.223585 0.601163
0 0.827564 0.637731 0.0297657 0.0810961 0.60971
0 0.686354 0.639982 0.055801 0.0799337 0.626877
0 0.161832 0.636595 0.0665569 0.101248 0.673858
56 0.132402 0.683031 0.0409539 0.0869548 0.674293
56 0.527513 0.692472 0.042185 0.109957 0.699849
25 0.616925 0.417027 0.0893672 0.606854 0.719011
25 0.0526567 0.430644 0.10484 0.573019 0.732602
56 0.812555 0.78092 0.0736766 0.15893 0.73879
56 0.170919 0.70104 0.0557507 0.101995 0.768586
56 0.490067 0.743608 0.0660967 0.144212 0.795151
0 0.779813 0.656711 0.0437753 0.0990176 0.798343
56 0.410884 0.780826 0.103867 0.184222 0.812436
56 0.737262 0.805853 0.0874353 0.167677 0.829387
56 0.63278 0.852664 0.124378 0.275362 0.83546
0 0.372781 0.740693 0.0966988 0.189961 0.83609
0 0.926895 0.628443 0.0404701 0.164768 0.837419
56 0.307579 0.73886 0.0831579 0.147082 0.881832
0 0.970699 0.631685 0.0552038 0.188408 0.889531
