56 0.425959 0.238041 0.143366 0.3392 0.501105
41 0.474472 0.631039 0.0561823 0.105784 0.503969
53 0.753708 0.276358 0.0541923 0.0836711 0.517705
41 0.436555 0.515609 0.0433153 0.143899 0.565552
48 0.354659 0.586526 0.0536011 0.108809 0.572553
60 0.555792 0.693078 0.620925 0.609733 0.789524
39 0.611169 0.7961 0.0857525 0.262768 0.827351
13 0.11022 0.122105 0.219437 0.243928 0.84591
0 0.856453 0.431166 0.286206 0.662562 0.88486
0 0.295348 0.324773 0.185126 0.414484 0.889988
0 0.528675 0.231337 0.195596 0.377675 0.908025
0 0.191217 0.608017 0.382225 0.780173 0.941572
