60 0.389216 0.338123 0.17297 0.0238145 0.526713
56 0.0953648 0.335408 0.0633106 0.0744323 0.57503
0 0.0330876 0.352974 0.0658725 0.220926 0.616263
55 0.44877 0.787689 0.360311 0.181234 0.620089
56 0.747537 0.355341 0.0663238 0.109291 0.640307
0 0.570614 0.312579 0.101732 0.134503 0.721767
0 0.65207 0.27461 0.0903139 0.0812286 0.758659
56 0.479844 0.39288 0.0926302 0.141724 0.76876
56 0.394632 0.403114 0.0614954 0.0970591 0.770804
41 0.115686 0.786165 0.10431 0.10719 0.852558
56 0.853361 0.623103 0.206925 0.25086 0.858824
56 0.0633206 0.439375 0.114765 0.18653 0.898774
0 0.692597 0.521218 0.358166 0.440135 0.90811
0 0.260689 0.434989 0.331168 0.477486 0.914736
60 0.498647 0.820325 0.994187 0.357729 0.934364
