75 0.912925 0.0734141 0.0527024 0.0538251 0.51592
75 0.754298 0.0904086 0.0480936 0.0516695 0.534261
58 0.0970725 0.158912 0.0494503 0.0627889 0.548863
58 0.131861 0.322795 0.0686807 0.0619001 0.565702
75 0.169156 0.188783 0.034079 0.033436 0.571462
58 0.467255 0.2454 0.0917654 0.0883272 0.65147
58 0.738601 0.0612668 0.0961202 0.110412 0.689521
58 0.54311 0.203179 0.0607253 0.0783101 0.694199
58 0.425169 0.300656 0.0605701 0.0845449 0.706125
58 0.907971 0.0567014 0.0769628 0.0869043 0.730762
58 0.417168 0.0584529 0.0693603 0.0817546 0.740494
58 0.212861 0.277826 0.0503935 0.0500271 0.743963
58 0.605083 0.117184 0.0765144 0.0880073 0.748239
58 0.16432 0.176988 0.0630072 0.0541423 0.753998
75 0.598102 0.0344051 0.0418936 0.0497225 0.754896
58 0.515262 0.0760488 0.111765 0.0982393 0.770208
58 0.0387709 0.316518 0.0732271 0.0567715 0.780612
58 0.247519 0.193598 0.0458736 0.0596755 0.781926
58 0.576003 0.266205 0.0682929 0.0957154 0.78774
58 0.610679 0.349081 0.135799 0.084197 0.845557
58 0.507285 0.325305 0.055343 0.0780218 0.849166
13 0.780477 0.79814 0.435675 0.18368 0.879886
0 0.784868 0.792634 0.140829 0.245278 0.916334
0 0.657115 0.797723 0.143493 0.222827 0.926962
