56 0.0629972 0.65768 0.125636 0.207888 0.554118
0 0.982692 0.570071 0.0339029 0.0777565 0.580952
0 0.271118 0.527286 0.0536388 0.121282 0.586587
0 0.0413804 0.476402 0.0301908 0.059272 0.645159
0 0.0827075 0.479153 0.0310912 0.0486881 0.652268
56 0.218162 0.591697 0.0751187 0.124875 0.654774
0 0.0188314 0.492047 0.0376629 0.0888137 0.712729
0 0.198028 0.490201 0.0642631 0.0772724 0.759207
0 0.37881 0.524876 0.0549948 0.137108 0.824695
0 0.327327 0.515291 0.0866533 0.161947 0.842187
1 0.772125 0.898772 0.240967 0.201382 0.900667
0 0.357345 0.663356 0.474144 0.669686 0.944457
0 0.717214 0.616888 0.562993 0.760361 0.958138
