25 0.589199 0.638215 0.14225 0.0735585 0.522504
25 0.0576502 0.565363 0.114645 0.0888073 0.567162
25 0.759005 0.678792 0.146657 0.0777722 0.63246
25 0.750404 0.606545 0.162219 0.0886564 0.641184
25 0.37448 0.0093808 0.147746 0.0186842 0.649886
25 0.565635 0.555297 0.164308 0.0877549 0.687509
25 0.120887 0.642142 0.163304 0.0819202 0.69079
25 0.754074 0.515454 0.174826 0.0971151 0.772611
25 0.390963 0.585809 0.152253 0.0805495 0.797906
25 0.0993772 0.42331 0.198754 0.1126 0.865158
25 0.54084 0.454915 0.191317 0.112609 0.865331
25 0.17815 0.528948 0.183561 0.100005 0.87006
25 0.337553 0.497318 0.185228 0.0986506 0.871109
25 0.0564832 0.278731 0.112464 0.144299 0.881159
25 0.737607 0.40872 0.198092 0.122113 0.906045
0 0.434664 0.809805 0.398997 0.3796 0.906088
25 0.917545 0.0522275 0.163595 0.10363 0.906761
25 0.290396 0.374235 0.210855 0.124446 0.91216
25 0.100245 0.0548523 0.199183 0.108872 0.912265
25 0.746581 0.257407 0.234585 0.168495 0.937502
25 0.490307 0.325302 0.224035 0.148375 0.946981
25 0.708729 0.0860205 0.2833 0.171486 0.952041
25 0.203829 0.199585 0.262823 0.187268 0.954823
25 0.446412 0.135506 0.269882 0.21525 0.956917
