25 0.77926 0.575499 0.145541 0.0754451 0.566008
25 0.14917 0.578676 0.160043 0.0909689 0.608762
25 0.581146 0.467928 0.164396 0.0963653 0.612369
25 0.461339 0.581388 0.145461 0.0762118 0.670798
25 0.769552 0.504624 0.162355 0.0893981 0.69716
25 0.770319 0.413726 0.179439 0.103068 0.797139
25 0.676311 0.0204494 0.187149 0.0407893 0.812218
25 0.408993 0.50851 0.155488 0.0881235 0.823433
25 0.189481 0.45955 0.189371 0.101772 0.867736
25 0.0990671 0.355239 0.198134 0.114305 0.870132
25 0.0434277 0.209942 0.0862851 0.147566 0.890542
25 0.344972 0.4191 0.188698 0.102113 0.893094
0 0.486963 0.81175 0.51505 0.375596 0.906509
25 0.548157 0.362625 0.196349 0.114539 0.914972
25 0.747266 0.301571 0.205142 0.135643 0.928596
25 0.27735 0.291129 0.224314 0.130893 0.930796
25 0.415856 0.0692444 0.292839 0.137918 0.943263
25 0.747495 0.133034 0.250936 0.194451 0.946107
25 0.482704 0.224741 0.238838 0.168616 0.952418
25 0.165626 0.105821 0.288257 0.21041 0.965272
