0 0.829727 0.388872 0.00852393 0.0265194 0.506427
25 0.030692 0.388885 0.0613841 0.0274199 0.521535
0 0.876976 0.41003 0.0145431 0.0467731 0.591874
56 0.739742 0.424495 0.0245339 0.0373602 0.633502
56 0.703627 0.445684 0.0416755 0.050359 0.634527
0 0.384306 0.442034 0.123338 0.47371 0.66078
0 0.894599 0.470834 0.054175 0.0802094 0.665839
0 0.215466 0.457983 0.0385223 0.0634197 0.679014
0 0.842816 0.47921 0.0763161 0.0620591 0.695939
56 0.0452729 0.461799 0.0456345 0.0603509 0.708199
56 0.0346095 0.601069 0.0689832 0.194255 0.725513
25 0.110409 0.373828 0.220818 0.238838 0.757109
56 0.118908 0.609883 0.145867 0.166613 0.769918
0 0.479153 0.498207 0.14119 0.507117 0.841401
0 0.132423 0.525433 0.14874 0.194531 0.852997
0 0.568817 0.510564 0.139227 0.520496 0.900558
0 0.331803 0.532838 0.181884 0.604133 0.90133
