0 0.640799 0.145158 0.0450461 0.0584 0.505983
40 0.203096 0.239529 0.046251 0.0755251 0.541049
45 0.494157 0.958646 0.319382 0.0818192 0.598032
43 0.213073 0.97279 0.286592 0.04963 0.725483
62 0.890154 0.484828 0.217961 0.252036 0.737895
58 0.112674 0.0714856 0.225159 0.142614 0.760596
45 0.368836 0.558142 0.164095 0.118316 0.819318
40 0.618824 0.350835 0.133207 0.329772 0.911273
40 0.0684167 0.616585 0.135553 0.370234 0.934503
60 0.499239 0.766862 0.99638 0.459426 0.940485
0 0.460099 0.337011 0.687719 0.534175 0.942952
