75 0.549119 0.0223324 0.0464882 0.0438466 0.507374
58 0.796137 0.0135204 0.0427498 0.0267162 0.51592
58 0.0299978 0.287743 0.0599955 0.0689076 0.528129
75 0.0708897 0.139705 0.0384515 0.039802 0.533902
58 0.0170194 0.227083 0.0340388 0.0513546 0.548277
75 0.707988 0.0920764 0.0497081 0.0533179 0.549561
58 0.00927072 0.105533 0.0184291 0.0624756 0.569341
58 0.354203 0.0354599 0.0657229 0.0709198 0.618976
75 0.415428 0.173351 0.0450278 0.0471194 0.622422
58 0.647987 0.0493468 0.0805194 0.0975535 0.63858
75 0.870883 0.0893904 0.055438 0.0539896 0.661061
58 0.422577 0.318932 0.0742377 0.100589 0.678706
75 0.363539 0.0445954 0.0444986 0.0519678 0.681608
58 0.155295 0.15095 0.0595236 0.0661925 0.689922
75 0.267431 0.0637864 0.040108 0.0458452 0.738961
58 0.507265 0.27055 0.0725992 0.0994482 0.765307
58 0.345945 0.293832 0.065271 0.0890108 0.776111
58 0.477802 0.197767 0.063541 0.0851724 0.776963
58 0.867653 0.0712111 0.0778946 0.0902274 0.780239
58 0.393145 0.237248 0.0995512 0.0938361 0.7828
58 0.115071 0.241736 0.0551439 0.0569454 0.790961
58 0.549343 0.108177 0.0812406 0.0935054 0.792195
58 0.702817 0.0653235 0.0849802 0.107482 0.807736
58 0.455422 0.0536276 0.124721 0.104126 0.813616
58 0.0669436 0.125364 0.0753376 0.0652755 0.813964
58 0.960613 0.15627 0.0777497 0.109766 0.816191
0 0.714746 0.847098 0.119939 0.229487 0.836495
0 0.65126 0.839947 0.0909401 0.263428 0.848301
13 0.718806 0.837844 0.562388 0.203447 0.849265
58 0.53705 0.359512 0.154542 0.0862581 0.855704
0 0.528092 0.834039 0.197262 0.261446 0.874948
0 0.850086 0.837034 0.17143 0.239542 0.930722
