56 0.704788 0.123968 0.0734769 0.118255 0.55215
0 0.72361 0.300411 0.201161 0.350229 0.577352
25 0.680086 0.0466036 0.190391 0.0928143 0.588145
0 0.836177 0.540947 0.327645 0.577395 0.646204
0 0.0733074 0.3462 0.039717 0.0723923 0.711791
0 0.433722 0.189893 0.0354753 0.0917591 0.7674
0 0.410789 0.179222 0.0473452 0.122352 0.793116
0 0.388488 0.188716 0.0579051 0.141539 0.831536
0 0.116914 0.326103 0.0730411 0.137627 0.881225
0 0.199105 0.275528 0.0773344 0.143506 0.887681
0 0.820488 0.0770897 0.0859976 0.153725 0.894162
0 0.576233 0.386507 0.168806 0.46854 0.912744
0 0.166356 0.293532 0.098905 0.156805 0.917053
0 0.481535 0.716743 0.597918 0.565181 0.946211
