0 0.069875 0.442087 0.0770127 0.13194 0.588806
0 0.723814 0.388057 0.0242314 0.0254402 0.621729
0 0.401011 0.407787 0.0251785 0.0540779 0.624924
26 0.164186 0.485182 0.0622461 0.0731823 0.708182
0 0.338617 0.443544 0.057071 0.151035 0.780563
0 0.0315263 0.436081 0.0630217 0.13057 0.798717
0 0.438114 0.465034 0.0617805 0.162596 0.822564
0 0.614467 0.647759 0.304725 0.634803 0.883566
0 0.200665 0.478391 0.154793 0.226208 0.915125
0 0.670094 0.71583 0.206786 0.567823 0.917323
0 0.368841 0.475635 0.118335 0.164215 0.925313
