56 0.232089 0.576263 0.0582279 0.130681 0.514143
0 0.576997 0.321064 0.0617499 0.0393055 0.574896
0 0.658393 0.36821 0.12404 0.171945 0.66253
43 0.255706 0.694567 0.150358 0.0587073 0.685115
42 0.160343 0.746021 0.286101 0.0718079 0.709642
0 0.76401 0.383165 0.125287 0.170912 0.738377
0 0.763021 0.276738 0.0662267 0.0595295 0.740124
0 0.089756 0.338966 0.093916 0.120798 0.752528
0 0.904186 0.305551 0.19065 0.373494 0.755056
0 0.154242 0.405901 0.223385 0.305857 0.817656
41 0.540868 0.61737 0.0665379 0.0562622 0.818819
56 0.851187 0.506116 0.237967 0.175326 0.875577
0 0.38815 0.490727 0.717114 0.689434 0.906113
60 0.500043 0.768051 0.993052 0.461042 0.928358
41 0.860246 0.599641 0.101632 0.155486 0.932493
