0 0.766581 0.262474 0.0268323 0.0416298 0.594489
0 0.0372778 0.324844 0.0745361 0.0426441 0.60111
0 0.602766 0.261405 0.04599 0.066971 0.633707
0 0.808395 0.478933 0.230256 0.208443 0.680501
0 0.419457 0.31208 0.0425571 0.0321942 0.687153
0 0.669076 0.278652 0.051046 0.122229 0.687449
0 0.711366 0.280965 0.0513972 0.120726 0.701677
0 0.364428 0.436803 0.209024 0.238311 0.716602
0 0.353449 0.271942 0.0454441 0.109487 0.751349
25 0.843311 0.164565 0.311611 0.155072 0.792017
0 0.569643 0.432021 0.256084 0.304679 0.871094
0 0.941182 0.312425 0.115898 0.156035 0.878102
0 0.826797 0.52637 0.344853 0.47112 0.892095
0 0.367664 0.652761 0.725819 0.693924 0.951106
