0 0.159341 0.297989 0.0305513 0.0434479 0.511994
0 0.0598008 0.282139 0.0339541 0.0501157 0.527189
25 0.0201904 0.23135 0.0399833 0.0251659 0.566016
0 0.0973298 0.346608 0.193421 0.0997058 0.631652
0 0.380586 0.474819 0.166529 0.267866 0.672245
56 0.0973656 0.36883 0.10748 0.0818988 0.696087
0 0.508353 0.331761 0.0471812 0.0547653 0.750814
0 0.471845 0.306374 0.0316565 0.101108 0.759143
0 0.295731 0.30899 0.0455496 0.0847341 0.772093
0 0.587967 0.456052 0.273234 0.302357 0.852957
25 0.869365 0.196816 0.259733 0.149989 0.876996
0 0.839217 0.555464 0.317935 0.485651 0.878416
0 0.365162 0.664318 0.586449 0.66716 0.938198
