0 0.136912 0.154105 0.116526 0.0981123 0.553131
0 0.981584 0.234128 0.0359558 0.15487 0.74864
0 0.0420568 0.121112 0.0837812 0.241531 0.753506
0 0.0614236 0.0932718 0.110143 0.185223 0.76611
67 0.530555 0.688463 0.0975948 0.104074 0.779205
58 0.805475 0.203941 0.0421906 0.102157 0.789881
0 0.619204 0.547021 0.278193 0.662479 0.811777
0 0.142165 0.356231 0.186324 0.401937 0.813747
58 0.931307 0.217951 0.0582264 0.103542 0.822049
39 0.381129 0.501833 0.045463 0.141554 0.82767
58 0.706867 0.172322 0.0968921 0.159694 0.883914
60 0.312825 0.742949 0.622512 0.511907 0.88512
0 0.838027 0.210876 0.0667692 0.211983 0.886737
40 0.218215 0.539587 0.0700217 0.216604 0.912579
40 0.347679 0.741284 0.0898715 0.273793 0.933376
40 0.096054 0.656048 0.0942378 0.268512 0.935306
40 0.451555 0.620472 0.0750513 0.224038 0.946321
0 0.786275 0.662203 0.424939 0.670655 0.952988
