56 0.862004 0.450383 0.0556362 0.0377766 0.557496
0 0.208819 0.448619 0.0417732 0.0465452 0.568294
56 0.914354 0.435423 0.0396462 0.0293278 0.636363
0 0.414394 0.451494 0.170683 0.360211 0.688048
25 0.106549 0.390784 0.212209 0.175552 0.711933
0 0.979968 0.429218 0.0390939 0.0718049 0.719078
0 0.536266 0.490413 0.194467 0.38633 0.78812
0 0.654832 0.506427 0.187116 0.396182 0.869851
56 0.0804507 0.558191 0.159929 0.114199 0.879834
0 0.336417 0.514549 0.229137 0.449621 0.89605
0 0.0939381 0.50502 0.187503 0.151978 0.898584
