56 0.526323 0.205 0.0634803 0.163484 0.521637
56 0.752705 0.122934 0.0438014 0.0655359 0.534875
0 0.293755 0.405393 0.127013 0.34599 0.548623
56 0.71789 0.493696 0.0836315 0.288788 0.550638
56 0.502624 0.111942 0.0360079 0.0515515 0.591322
56 0.701054 0.167815 0.0595521 0.0592658 0.609777
67 0.396381 0.64495 0.0361615 0.134555 0.652347
40 0.68786 0.929502 0.0749239 0.139549 0.691437
40 0.77663 0.872145 0.0765093 0.158066 0.717322
41 0.354748 0.574437 0.0313661 0.0505782 0.724291
0 0.439829 0.181685 0.0717789 0.244533 0.747689
0 0.946584 0.147617 0.106093 0.25198 0.752607
56 0.222889 0.404672 0.0679823 0.0587415 0.766964
0 0.215612 0.687652 0.429476 0.623083 0.769196
56 0.55491 0.275523 0.0541732 0.206871 0.788724
56 0.85913 0.251437 0.116699 0.189066 0.832238
56 0.114419 0.209604 0.227969 0.419208 0.83704
56 0.749921 0.324096 0.0890154 0.234581 0.845765
41 0.545055 0.809766 0.047357 0.0974991 0.861495
40 0.426706 0.549014 0.0505707 0.140288 0.87562
40 0.459579 0.855356 0.0630522 0.155058 0.877264
41 0.603026 0.875585 0.0623117 0.156239 0.880798
0 0.621974 0.363461 0.185614 0.481918 0.889681
0 0.86296 0.488293 0.249492 0.540685 0.890957
56 0.41433 0.373563 0.147355 0.232369 0.900895
60 0.643119 0.732686 0.709012 0.530871 0.918374
