0 0.711045 0.727713 0.185009 0.540635 0.588568
25 0.823826 0.445238 0.352349 0.601598 0.638053
25 0.824039 0.277244 0.350364 0.262299 0.639467
0 0.0947321 0.337829 0.0552995 0.0511464 0.648598
0 0.76009 0.419373 0.114767 0.0741041 0.680035
56 0.132821 0.450207 0.106928 0.116607 0.680643
0 0.156188 0.342801 0.0303892 0.0925766 0.72696
0 0.354017 0.745901 0.162746 0.501015 0.763903
0 0.195379 0.341942 0.0335374 0.0982232 0.778693
0 0.13774 0.423355 0.20177 0.143406 0.778735
0 0.411271 0.368258 0.0298955 0.0902535 0.786383
0 0.625903 0.36551 0.0267416 0.0606622 0.792534
0 0.852074 0.468618 0.06731 0.139009 0.795244
0 0.442334 0.349137 0.0337247 0.137548 0.831649
0 0.227046 0.761429 0.315203 0.475371 0.87611
0 0.542783 0.658165 0.230571 0.456538 0.920658
