0 0.0541225 0.693641 0.107333 0.426254 0.502221
0 0.23074 0.579283 0.0836452 0.20162 0.554704
0 0.033896 0.815059 0.0668915 0.36975 0.585124
0 0.496171 0.715153 0.128833 0.482726 0.761143
0 0.967413 0.797956 0.0639519 0.403107 0.78577
0 0.283663 0.700823 0.152911 0.461142 0.794889
0 0.714185 0.575645 0.145227 0.238673 0.877041
0 0.403569 0.771967 0.191032 0.454445 0.881839
0 0.811931 0.786876 0.233642 0.424864 0.889753
0 0.914825 0.736739 0.169391 0.525265 0.894178
0 0.163085 0.750793 0.191309 0.496413 0.903743
0 0.611627 0.754765 0.215137 0.48937 0.915959
