60 0.333525 0.390608 0.0899061 0.131573 0.583712
60 0.130473 0.514097 0.128937 0.209159 0.623046
56 0.287623 0.296714 0.0377589 0.0513186 0.626235
39 0.928461 0.637855 0.0921969 0.269141 0.638547
56 0.101124 0.34616 0.073027 0.103633 0.672578
41 0.818091 0.679178 0.0627813 0.122507 0.744849
60 0.500792 0.806332 0.993623 0.383502 0.748589
41 0.760149 0.951463 0.101288 0.0957904 0.76477
41 0.016266 0.702373 0.0323469 0.141224 0.771201
7 0.843234 0.232241 0.309559 0.179628 0.77776
41 0.746458 0.775588 0.0780107 0.162245 0.800561
0 0.0210114 0.585186 0.0416347 0.192167 0.819058
56 0.0393975 0.349738 0.0679161 0.101991 0.827654
56 0.413177 0.384052 0.0767986 0.146719 0.862482
55 0.454146 0.795265 0.215401 0.192722 0.86838
41 0.76404 0.841098 0.0800986 0.144518 0.882956
0 0.265934 0.500531 0.411904 0.406086 0.8899
41 0.145628 0.692376 0.0704061 0.112784 0.898379
0 0.581062 0.360199 0.293724 0.6522 0.918129
41 0.114759 0.889949 0.0936482 0.155826 0.939181
