0 0.0663189 0.274427 0.0751436 0.0813422 0.551935
56 0.0841352 0.383648 0.0763679 0.139627 0.560168
0 0.901501 0.377208 0.0460728 0.0875787 0.631465
0 0.8541 0.374203 0.0371778 0.0716642 0.658797
0 0.0236631 0.268784 0.046389 0.0709236 0.726902
0 0.138169 0.340949 0.0604332 0.196732 0.737339
56 0.900888 0.486517 0.0821468 0.128225 0.738341
1 0.722733 0.935382 0.233573 0.127673 0.741329
56 0.785623 0.427938 0.0518808 0.091338 0.755015
56 0.95741 0.520145 0.0844654 0.162975 0.755875
0 0.270289 0.324563 0.0788813 0.150088 0.801915
56 0.0255887 0.428599 0.050873 0.205197 0.806632
56 0.85272 0.469001 0.0619758 0.128215 0.809038
0 0.248368 0.34279 0.129156 0.202412 0.810264
60 0.241874 0.501365 0.199387 0.0860256 0.81526
56 0.186897 0.725612 0.210889 0.393172 0.827461
25 0.0612451 0.115233 0.121684 0.0987529 0.847072
0 0.325883 0.586609 0.529188 0.824148 0.888842
0 0.725142 0.609781 0.544891 0.777318 0.964246
