0 0.414203 0.269762 0.0306551 0.107764 0.502952
0 0.743693 0.264975 0.0577614 0.0693732 0.510576
0 0.855082 0.640033 0.247331 0.365967 0.523373
0 0.350565 0.675481 0.272232 0.642207 0.564349
0 0.960208 0.242787 0.0280907 0.0506646 0.591311
0 0.419923 0.270856 0.0189693 0.105239 0.617677
0 0.389718 0.246187 0.034359 0.149249 0.744187
0 0.0749382 0.293565 0.149876 0.140378 0.824728
0 0.882483 0.310662 0.0867974 0.232314 0.834577
25 0.84295 0.106352 0.311121 0.211648 0.849085
0 0.197273 0.234287 0.0366873 0.148811 0.861493
0 0.818146 0.652801 0.315483 0.69258 0.879785
0 0.200835 0.674775 0.400448 0.648547 0.882342
0 0.573077 0.564957 0.264944 0.590312 0.927462
