0 0.0233433 0.824725 0.0464182 0.275339 0.546275
0 0.204157 0.744772 0.0890771 0.423439 0.583289
0 0.447769 0.754206 0.115307 0.454214 0.688703
0 0.0463301 0.733276 0.0923007 0.397892 0.725696
0 0.281617 0.743164 0.116385 0.437961 0.738914
0 0.832932 0.762503 0.13874 0.469971 0.850007
0 0.652131 0.62094 0.149365 0.225478 0.851863
0 0.357965 0.796422 0.167531 0.403993 0.876419
0 0.727957 0.808964 0.204745 0.380487 0.888072
0 0.927442 0.785742 0.14389 0.427007 0.892739
0 0.138846 0.777618 0.17151 0.442981 0.894471
0 0.54498 0.781026 0.195885 0.437118 0.897466
