25 0.454105 0.260677 0.0765312 0.109248 0.524031
33 0.609991 0.287682 0.149455 0.121147 0.614652
33 0.300763 0.260228 0.121996 0.0947626 0.838474
33 0.799581 0.758794 0.124136 0.0936038 0.873093
0 0.932112 0.317558 0.105091 0.298366 0.88048
0 0.693744 0.761706 0.114683 0.383096 0.884391
0 0.609638 0.259145 0.135747 0.335006 0.886204
33 0.312111 0.763415 0.124501 0.0947568 0.901708
0 0.130984 0.283872 0.127331 0.410124 0.902289
0 0.408534 0.17826 0.0844754 0.293597 0.906796
33 0.775302 0.258721 0.120528 0.0944536 0.907343
0 0.439295 0.687462 0.10628 0.31663 0.925842
0 0.920555 0.684728 0.126603 0.316692 0.933484
0 0.214765 0.780939 0.187555 0.403393 0.952178
