60 0.415888 0.452655 0.0707823 0.051458 0.511271
56 0.0600087 0.542792 0.0690396 0.0969881 0.55339
0 0.947533 0.286405 0.0465799 0.073361 0.567357
25 0.91957 0.13306 0.159741 0.10858 0.578299
56 0.957699 0.425391 0.0784487 0.117129 0.583824
56 0.43953 0.534269 0.12873 0.0891266 0.599688
0 0.0586297 0.289509 0.0638279 0.205759 0.650146
0 0.843788 0.281916 0.0533913 0.0903694 0.702465
0 0.979565 0.303173 0.0400043 0.0731628 0.71978
60 0.134073 0.452957 0.117094 0.0667751 0.725773
1 0.784937 0.844857 0.239773 0.205425 0.734358
56 0.85387 0.38185 0.0636896 0.102092 0.748428
0 0.414174 0.322935 0.0635143 0.226291 0.757468
56 0.91038 0.395963 0.0636877 0.10903 0.760237
0 0.0461902 0.187966 0.0462441 0.113441 0.785383
0 0.256102 0.536544 0.511287 0.920426 0.944287
0 0.729031 0.54042 0.540008 0.914212 0.965494
