27 0.658917 0.712439 0.0515425 0.0202253 0.53928
0 0.768991 0.708557 0.167996 0.376578 0.710582
0 0.255938 0.628435 0.108514 0.179951 0.782685
0 0.340651 0.746831 0.131593 0.432267 0.801591
0 0.525118 0.760813 0.141425 0.448729 0.831531
0 0.879974 0.691961 0.174792 0.223212 0.849979
0 0.957548 0.621076 0.0837972 0.159003 0.857338
0 0.872413 0.845977 0.251229 0.305888 0.861473
0 0.443601 0.782913 0.187557 0.433483 0.888145
0 0.675677 0.802934 0.181162 0.394131 0.891148
0 0.225638 0.792847 0.181178 0.413596 0.912683
0 0.0711498 0.765622 0.14129 0.468756 0.927961
