0 0.967122 0.756561 0.0344966 0.0504695 0.534112
0 0.900774 0.732635 0.0183734 0.0299472 0.575339
0 0.0322056 0.267128 0.0319052 0.0613366 0.624371
0 0.481399 0.288136 0.0211809 0.0402195 0.64746
0 0.96028 0.734019 0.018844 0.0475033 0.713752
0 0.52029 0.242171 0.0251727 0.061754 0.747813
0 0.520755 0.728281 0.0257565 0.0671063 0.752823
77 0.659826 0.652292 0.0880936 0.0810995 0.760709
0 0.591952 0.721573 0.0366835 0.063566 0.791537
0 0.0983163 0.266567 0.0348058 0.0672071 0.820709
0 0.590987 0.240704 0.0405434 0.0633998 0.823408
0 0.567062 0.724023 0.056714 0.0716192 0.827308
0 0.0643522 0.261479 0.051058 0.075984 0.838421
0 0.564492 0.239108 0.0497033 0.06612 0.858677
1 0.828284 0.433789 0.15216 0.104428 0.874494
1 0.346715 0.445063 0.152741 0.0927151 0.894526
1 0.838458 0.917947 0.1581 0.106927 0.895619
0 0.132199 0.780299 0.233354 0.400103 0.923629
0 0.630174 0.81542 0.245292 0.330746 0.930285
0 0.125487 0.327303 0.21915 0.320952 0.937116
0 0.619924 0.314758 0.224918 0.345296 0.938751
0 0.308739 0.771895 0.367216 0.41811 0.953205
0 0.312775 0.308487 0.359442 0.359323 0.955781
0 0.799113 0.300595 0.370196 0.37373 0.960429
0 0.800027 0.784324 0.368287 0.390367 0.966114
