56 0.0638774 0.960787 0.0883976 0.0770573 0.59539
56 0.207621 0.530546 0.0732078 0.121771 0.624832
0 0.0169665 0.417639 0.0338108 0.0893809 0.639726
0 0.188339 0.428596 0.0669219 0.082041 0.645349
0 0.976775 0.561426 0.0455906 0.0837683 0.674286
0 0.263865 0.47772 0.053358 0.135625 0.701529
0 0.0758351 0.396999 0.0350557 0.105016 0.737196
56 0.0574531 0.589182 0.114573 0.211085 0.801141
0 0.380806 0.473646 0.0644115 0.130215 0.825552
0 0.336616 0.468702 0.0772094 0.13966 0.835011
1 0.753381 0.879138 0.241348 0.224971 0.905505
0 0.343744 0.634785 0.524931 0.727941 0.941676
0 0.70935 0.601009 0.579022 0.793105 0.964275
