24 0.208706 0.514203 0.039916 0.0555929 0.520702
16 0.080725 0.558109 0.0403691 0.0530191 0.656178
0 0.568201 0.477011 0.0249679 0.0595835 0.705155
0 0.547158 0.482686 0.0357734 0.0760651 0.727152
0 0.0265205 0.510067 0.0454257 0.120386 0.749868
0 0.0623068 0.508622 0.0602192 0.133241 0.780366
0 0.194174 0.54003 0.0697284 0.151094 0.797133
0 0.515646 0.483671 0.0345914 0.0736895 0.807562
0 0.696817 0.685601 0.2526 0.525044 0.820001
0 0.456019 0.484443 0.04152 0.0847637 0.828401
0 0.119743 0.535987 0.10146 0.178276 0.899469
0 0.75251 0.738167 0.180147 0.479643 0.905082
