56 0.0935911 0.781616 0.1863 0.435008 0.580725
26 0.378871 0.316222 0.0697618 0.114409 0.618966
39 0.821 0.0836564 0.0158204 0.0767939 0.631007
56 0.896556 0.249043 0.130095 0.252516 0.643339
56 0.951439 0.293121 0.0965168 0.261163 0.670836
0 0.679183 0.133729 0.0825067 0.266991 0.684829
0 0.9118 0.12451 0.164676 0.248572 0.732554
0 0.551883 0.404127 0.320214 0.383091 0.766024
0 0.519986 0.0917185 0.0575283 0.183197 0.802497
0 0.758792 0.426625 0.262604 0.363261 0.811088
0 0.497119 0.218496 0.0885872 0.227576 0.821341
40 0.490702 0.577489 0.050214 0.152773 0.835423
0 0.863744 0.705313 0.269951 0.586731 0.86141
40 0.580627 0.51866 0.0463536 0.151382 0.870698
0 0.400595 0.283583 0.191725 0.262947 0.887826
39 0.501283 0.731585 0.0508812 0.155138 0.888913
40 0.718867 0.564604 0.0539749 0.16703 0.891425
40 0.657852 0.658526 0.0583633 0.189736 0.919292
60 0.603122 0.740421 0.444804 0.510849 0.923768
0 0.271077 0.681229 0.349699 0.636242 0.95152
