0 0.26718 0.287178 0.00858097 0.0232737 0.52233
0 0.321411 0.731486 0.226398 0.53646 0.578142
0 0.91141 0.368428 0.040158 0.0917328 0.711385
0 0.721705 0.703111 0.184299 0.593021 0.795805
0 0.833682 0.787308 0.26487 0.424018 0.80929
0 0.397927 0.33752 0.0359408 0.109123 0.817438
0 0.366483 0.315709 0.0347946 0.143826 0.830257
56 0.0529584 0.434393 0.105317 0.124049 0.849971
25 0.822806 0.380896 0.353289 0.680507 0.850929
0 0.0854794 0.39695 0.170664 0.14555 0.86418
0 0.82266 0.402861 0.14129 0.18418 0.88866
0 0.53858 0.64709 0.258884 0.55403 0.900741
0 0.175973 0.741073 0.350806 0.516063 0.936055
