0 0.154713 0.425072 0.0625168 0.132337 0.561551
0 0.0248411 0.375906 0.0397917 0.0463229 0.58998
0 0.506708 0.384036 0.0292433 0.0540392 0.652193
0 0.0953671 0.445144 0.117384 0.229718 0.816672
0 0.727202 0.385348 0.0781313 0.0738989 0.829024
0 0.0242684 0.441121 0.0485368 0.124777 0.829126
0 0.826686 0.443325 0.101497 0.182649 0.855469
0 0.472105 0.416778 0.0670364 0.143292 0.855903
0 0.604873 0.621959 0.201219 0.636026 0.872965
0 0.407618 0.418625 0.0688385 0.142046 0.878149
0 0.724178 0.69802 0.220413 0.575596 0.917878
