0 0.0841735 0.47938 0.033828 0.0498073 0.533924
56 0.218984 0.590854 0.0762891 0.12562 0.58625
0 0.273167 0.523662 0.0516958 0.112848 0.624738
0 0.982445 0.571873 0.0343509 0.0801371 0.658199
0 0.0423927 0.477201 0.0317128 0.0626851 0.658624
0 0.0191187 0.488041 0.0380307 0.0828835 0.687194
0 0.198834 0.488738 0.0625355 0.0753531 0.749306
0 0.379974 0.525123 0.0567342 0.137328 0.827106
0 0.326999 0.515288 0.0862783 0.161859 0.859991
1 0.771319 0.898759 0.240785 0.200989 0.918692
0 0.357962 0.659989 0.475189 0.676989 0.945952
0 0.717826 0.616685 0.562246 0.760738 0.959051
