60 0.17124 0.420368 0.128886 0.0567641 0.527072
25 0.0299317 0.0547058 0.0593612 0.0500534 0.554121
0 0.0905462 0.263424 0.0676441 0.200174 0.557691
56 0.884586 0.356427 0.0488785 0.0886346 0.589353
56 0.467453 0.503981 0.128363 0.0783169 0.603994
56 0.947524 0.375642 0.0606954 0.105927 0.612856
25 0.936366 0.128219 0.126088 0.0754334 0.618089
0 0.0186952 0.207323 0.0369369 0.0654057 0.664712
0 0.172528 0.261182 0.0833928 0.208477 0.67888
0 0.0758469 0.175969 0.0471487 0.128405 0.683153
0 0.876284 0.263802 0.0586247 0.0915395 0.703722
1 0.813348 0.80867 0.24 0.212718 0.757204
0 0.26946 0.498679 0.538881 0.997358 0.944204
0 0.740822 0.519805 0.515931 0.955565 0.964064
