56 0.880354 0.824036 0.238411 0.351928 0.537228
13 0.0944386 0.127682 0.188403 0.254759 0.544541
40 0.448341 0.642459 0.0554564 0.111369 0.554667
56 0.0502278 0.971274 0.100436 0.0563832 0.566269
48 0.331516 0.591749 0.052723 0.105602 0.590454
56 0.390958 0.256388 0.126482 0.349025 0.687074
39 0.673991 0.559642 0.0755299 0.24604 0.714165
60 0.52674 0.700001 0.616813 0.594975 0.754205
0 0.263962 0.337875 0.18492 0.418052 0.76
0 0.822887 0.458946 0.340017 0.684137 0.863527
39 0.583665 0.801196 0.0848709 0.259689 0.871974
0 0.522162 0.238326 0.22193 0.375781 0.908901
0 0.179675 0.613991 0.358706 0.767924 0.939297
