0 0.414895 0.598119 0.0456558 0.0858373 0.504813
0 0.436196 0.568452 0.0448457 0.0687411 0.51092
0 0.230373 0.595253 0.061521 0.0954868 0.563445
0 0.871906 0.683126 0.0718181 0.218102 0.570954
0 0.527161 0.59181 0.053614 0.11214 0.574272
0 0.482331 0.562518 0.0328877 0.0676781 0.578129
0 0.800475 0.693017 0.0907812 0.231418 0.579873
0 0.561204 0.594804 0.0596071 0.103736 0.586699
0 0.765157 0.563365 0.0278372 0.0726676 0.593521
0 0.746769 0.60885 0.0586211 0.107684 0.601479
56 0.170592 0.693942 0.0625841 0.12989 0.613524
25 0.671377 0.406646 0.437649 0.121655 0.625396
56 0.582579 0.660339 0.0436266 0.0910909 0.626911
56 0.237945 0.656376 0.0506521 0.0888115 0.634139
0 0.360686 0.579412 0.0508337 0.13267 0.634628
0 0.837175 0.611017 0.05592 0.0927895 0.671941
56 0.87854 0.736468 0.0796601 0.160859 0.707108
0 0.988455 0.581927 0.0222347 0.174464 0.725083
0 0.823439 0.535161 0.0436153 0.0997448 0.730255
56 0.204007 0.635238 0.0359306 0.0834255 0.745246
0 0.621058 0.571446 0.0388367 0.147448 0.749296
25 0.673882 0.375711 0.092752 0.651851 0.756595
25 0.12214 0.391109 0.0892208 0.552545 0.76335
56 0.544603 0.695336 0.0661269 0.141537 0.778567
56 0.471549 0.727941 0.0967063 0.181646 0.785281
0 0.433396 0.693956 0.0867546 0.195191 0.78943
56 0.79798 0.761145 0.0975083 0.165152 0.799403
56 0.368348 0.691306 0.0789113 0.138667 0.821912
56 0.69236 0.797404 0.132585 0.280378 0.851048
