25 0.272675 0.532078 0.103043 0.041423 0.500593
25 0.352914 0.533251 0.0966435 0.0509103 0.519885
0 0.690899 0.607138 0.0133169 0.0506287 0.556343
25 0.914246 0.557355 0.0830745 0.0485326 0.566215
25 0.18278 0.534891 0.111073 0.0476674 0.59119
56 0.256128 0.629711 0.0277798 0.0472539 0.606076
25 0.975501 0.555273 0.048093 0.06281 0.639337
25 0.516541 0.540014 0.0730979 0.0537573 0.659568
0 0.712617 0.624039 0.0212059 0.074826 0.742172
0 0.857343 0.633925 0.0261177 0.0874454 0.766632
0 0.832577 0.638004 0.0283767 0.0944473 0.778528
0 0.415687 0.581037 0.136144 0.238252 0.920263
