0 0.082759 0.416266 0.0311018 0.0635167 0.556548
0 0.864954 0.494242 0.0180191 0.0484811 0.561208
0 0.0413936 0.412337 0.0301696 0.0777313 0.643509
0 0.197204 0.430397 0.0663311 0.103114 0.660959
56 0.218708 0.559943 0.0710099 0.156153 0.687244
0 0.0194231 0.435294 0.0386564 0.117265 0.704839
0 0.982799 0.533778 0.0336544 0.0972382 0.741443
0 0.271398 0.48374 0.0524103 0.170395 0.773251
56 0.0625163 0.659042 0.124744 0.284474 0.820072
0 0.378481 0.478371 0.0543353 0.184375 0.842709
0 0.326691 0.465312 0.0847599 0.2169 0.860196
1 0.771384 0.920332 0.229401 0.154464 0.889372
0 0.369748 0.5972 0.450349 0.778003 0.945632
0 0.719582 0.539672 0.559187 0.89192 0.965496
