25 0.806049 0.700519 0.115493 0.0948676 0.629691
25 0.73382 0.59671 0.172042 0.104028 0.746846
25 0.934427 0.673264 0.130046 0.093762 0.754525
25 0.633772 0.0222852 0.185276 0.0443048 0.802838
25 0.154032 0.685389 0.15023 0.106165 0.811655
25 0.897579 0.569933 0.16475 0.102736 0.815582
25 0.0649664 0.429209 0.129255 0.157208 0.834078
25 0.583915 0.492952 0.158611 0.11371 0.862015
25 0.930677 0.435007 0.137413 0.132401 0.870439
25 0.0448593 0.591343 0.0892823 0.128166 0.890368
0 0.356094 0.727594 0.707935 0.540788 0.892495
25 0.770429 0.468197 0.182036 0.123754 0.897656
25 0.0647679 0.255726 0.129007 0.187682 0.906738
25 0.127983 0.0640261 0.255923 0.127512 0.907642
25 0.392933 0.0423254 0.245261 0.0838227 0.909243
25 0.175408 0.560969 0.206901 0.13254 0.922058
25 0.880815 0.290507 0.20161 0.162815 0.924987
25 0.23298 0.395428 0.218477 0.156469 0.933418
25 0.453428 0.363471 0.218983 0.163485 0.93627
25 0.926199 0.0955524 0.146519 0.190632 0.940501
25 0.668442 0.326356 0.206379 0.157066 0.94298
25 0.240697 0.216884 0.245722 0.194674 0.942982
25 0.482388 0.176613 0.244303 0.202638 0.948703
25 0.7297 0.134616 0.20318 0.200415 0.959005
