75 0.532987 0.0479097 0.0486316 0.0575432 0.627024
58 0.539469 0.0384171 0.0817126 0.0762505 0.638618
58 0.965593 0.095592 0.0676676 0.107984 0.657841
58 0.48755 0.20648 0.0697206 0.0948661 0.705327
58 0.374904 0.166373 0.106468 0.103107 0.713627
58 0.0309887 0.0409258 0.0613943 0.070241 0.740797
58 0.117495 0.0693631 0.0558623 0.0717904 0.75816
58 0.317418 0.225459 0.0671953 0.0929243 0.769469
58 0.0734754 0.168193 0.0652832 0.0654488 0.770713
58 0.460032 0.120507 0.0657085 0.0937029 0.776977
58 0.407204 0.261825 0.0596526 0.0877119 0.804675
0 0.689693 0.789766 0.115263 0.222006 0.842177
58 0.513775 0.29909 0.152983 0.0905582 0.846274
0 0.626153 0.789592 0.0950221 0.251559 0.861733
13 0.705106 0.789703 0.589788 0.208771 0.872205
0 0.501957 0.782549 0.194312 0.256428 0.918343
0 0.822784 0.782242 0.166283 0.233872 0.925367
