58 0.46964 0.281878 0.0380343 0.111272 0.511825
60 0.502819 0.745278 0.994363 0.506046 0.567182
56 0.474023 0.465977 0.0937513 0.150913 0.581097
43 0.530091 0.902536 0.0956062 0.161826 0.584828
40 0.368893 0.300678 0.0214456 0.0676369 0.621357
60 0.44964 0.407198 0.232276 0.216389 0.627383
55 0.494331 0.626858 0.158842 0.131324 0.655983
44 0.0422491 0.781771 0.0411554 0.0767507 0.671007
45 0.118178 0.768939 0.118444 0.173185 0.716208
44 0.109608 0.695489 0.0455001 0.150764 0.89177
42 0.392954 0.922642 0.179805 0.153512 0.918968
0 0.30994 0.316502 0.230309 0.42346 0.924142
0 0.753477 0.459651 0.492619 0.707758 0.924418
41 0.230327 0.600144 0.105132 0.220498 0.924476
0 0.112394 0.307687 0.223846 0.509158 0.932806
41 0.345764 0.676209 0.118652 0.276954 0.94792
