0 0.594426 0.738265 0.174327 0.194213 0.706661
0 0.0807453 0.729718 0.10446 0.121745 0.709955
0 0.800714 0.766413 0.142764 0.21772 0.772253
0 0.414386 0.83009 0.105199 0.339819 0.787064
27 0.538671 0.841874 0.045336 0.0204746 0.824528
0 0.222764 0.830456 0.149839 0.337971 0.86717
0 0.346877 0.853546 0.167171 0.292028 0.879152
0 0.558407 0.871162 0.168124 0.25649 0.883098
0 0.724443 0.854905 0.178894 0.289082 0.884906
0 0.041953 0.844007 0.0831542 0.310445 0.890783
0 0.898549 0.879936 0.193423 0.238999 0.89229
0 0.136819 0.865973 0.187998 0.26747 0.901432
