58 0.567594 0.0841356 0.0813785 0.094444 0.551381
75 0.431722 0.149967 0.0449269 0.0462072 0.586142
75 0.473593 0.0545547 0.0461599 0.0526294 0.652535
58 0.0210267 0.199434 0.0417272 0.0659157 0.663411
75 0.282183 0.0376518 0.0401599 0.047444 0.671934
58 0.0129835 0.0762703 0.0259202 0.0639442 0.673539
75 0.729541 0.0672446 0.0494921 0.0527295 0.673897
75 0.650454 0.0457151 0.0453965 0.0531666 0.677806
58 0.52402 0.248735 0.0743387 0.0962897 0.692506
75 0.89609 0.0658582 0.0553212 0.0556503 0.699083
75 0.562384 0.1048 0.0482982 0.0517421 0.706253
58 0.718013 0.0469069 0.0985568 0.0934805 0.711348
58 0.445451 0.304012 0.0581737 0.0825415 0.723261
58 0.168816 0.126451 0.0604781 0.0677384 0.743956
58 0.494196 0.173595 0.0629512 0.0877845 0.752583
58 0.894395 0.0470344 0.0778308 0.093032 0.754598
58 0.126769 0.21848 0.0587626 0.0577767 0.768189
58 0.409246 0.220826 0.0924593 0.0875722 0.77271
58 0.458307 0.040431 0.109491 0.0805185 0.776292
58 0.360476 0.274179 0.0614614 0.0839671 0.779832
0 0.730156 0.817678 0.106936 0.221052 0.81211
13 0.723665 0.801032 0.55267 0.171448 0.815861
58 0.0756716 0.0992637 0.0746129 0.0633735 0.830324
58 0.549454 0.338809 0.148799 0.0870885 0.8409
0 0.659152 0.814053 0.0867556 0.253 0.843384
0 0.54033 0.804909 0.19498 0.246263 0.894569
0 0.857567 0.808657 0.166832 0.234175 0.928366
