0 0.928249 0.415515 0.141858 0.402238 0.517034
0 0.798123 0.274774 0.079524 0.120034 0.67497
0 0.0174458 0.259655 0.034675 0.131992 0.693366
0 0.747484 0.221434 0.0616959 0.125672 0.703589
0 0.169996 0.327519 0.129441 0.260748 0.70828
0 0.884419 0.261623 0.157828 0.301316 0.743895
16 0.348403 0.303374 0.0848463 0.0699904 0.770919
0 0.499767 0.342096 0.0706438 0.146747 0.783117
0 0.470644 0.267979 0.0956055 0.174447 0.804215
0 0.276817 0.46908 0.176584 0.404299 0.836301
0 0.61146 0.298927 0.191669 0.400557 0.898223
