26 0.868405 0.781431 0.0291794 0.118368 0.508072
0 0.343652 0.723969 0.0326443 0.184482 0.518001
0 0.317654 0.72531 0.0364245 0.174388 0.55876
0 0.761692 0.700138 0.0438597 0.165677 0.590101
0 0.792516 0.689458 0.0353647 0.167555 0.600266
26 0.850123 0.792795 0.0501194 0.139929 0.633005
0 0.296969 0.800326 0.0432971 0.185891 0.754575
0 0.463394 0.797171 0.0589527 0.300499 0.759978
0 0.0247682 0.721346 0.0493802 0.122621 0.793512
0 0.923433 0.793525 0.0707413 0.303192 0.847772
0 0.684607 0.767206 0.0777206 0.270311 0.854509
0 0.414819 0.829856 0.104143 0.339402 0.856173
0 0.852108 0.826027 0.0882645 0.322695 0.863987
0 0.0760741 0.805826 0.0503534 0.183203 0.867178
0 0.569832 0.836974 0.0910269 0.324594 0.86728
0 0.227876 0.787885 0.064453 0.245971 0.878609
0 0.0387041 0.885881 0.0766451 0.226509 0.90282
