40 0.514375 0.411652 0.0202547 0.0852929 0.631924
40 0.564972 0.43976 0.0256187 0.0916763 0.750368
40 0.703167 0.330736 0.0251522 0.113736 0.753119
40 0.438679 0.350693 0.0226242 0.0963998 0.787196
40 0.281285 0.36456 0.0246651 0.100215 0.829473
39 0.917924 0.559867 0.0307945 0.135988 0.832919
0 0.297106 0.490803 0.119061 0.488881 0.86529
56 0.851262 0.749844 0.152653 0.499212 0.869055
0 0.510149 0.489475 0.105797 0.486861 0.878026
57 0.270087 0.80357 0.537064 0.39122 0.883497
0 0.57408 0.596914 0.115158 0.54963 0.88695
0 0.700619 0.598036 0.16083 0.701386 0.906681
0 0.40822 0.482571 0.138753 0.506891 0.908859
