0 0.992254 0.427147 0.0146313 0.068832 0.510388
25 0.0570514 0.237078 0.114103 0.0709549 0.530662
67 0.691449 0.749198 0.0613401 0.0898694 0.532688
45 0.907775 0.961417 0.139734 0.0756447 0.557237
0 0.652611 0.527196 0.0555294 0.193694 0.58089
67 0.465804 0.708371 0.0382171 0.0370326 0.596468
41 0.507884 0.914118 0.117445 0.170536 0.630412
75 0.467376 0.628179 0.0569497 0.12297 0.64383
40 0.576066 0.692396 0.0378222 0.0985725 0.671557
41 0.603793 0.760216 0.0496176 0.0818582 0.754024
0 0.707112 0.541638 0.0374269 0.160008 0.783786
40 0.52221 0.766883 0.0486654 0.137344 0.787647
40 0.74863 0.813837 0.0603247 0.162657 0.793794
60 0.695976 0.844194 0.591853 0.309126 0.809159
0 0.778939 0.632538 0.207793 0.402501 0.842105
0 0.074834 0.664412 0.147834 0.667406 0.844744
41 0.609991 0.858404 0.0671621 0.124552 0.848763
41 0.712486 0.927411 0.0880069 0.143965 0.882583
0 0.224413 0.724161 0.424721 0.549421 0.893199
0 0.373707 0.698908 0.234017 0.470975 0.894569
0 0.839927 0.692427 0.31937 0.531318 0.91916
25 0.871656 0.13267 0.254596 0.262817 0.925904
