39 0.472402 0.930517 0.017218 0.137462 0.510025
25 0.194542 0.0649371 0.285601 0.12966 0.512851
41 0.513389 0.722548 0.0262636 0.102737 0.542174
25 0.429644 0.260437 0.101766 0.51944 0.555353
56 0.203216 0.392565 0.0374139 0.12892 0.577296
39 0.47889 0.709612 0.0250759 0.164578 0.610075
0 0.0270727 0.40019 0.0541454 0.279103 0.614889
56 0.178331 0.436482 0.039079 0.169159 0.620309
0 0.0983757 0.367429 0.0730416 0.219081 0.672554
41 0.608268 0.936983 0.045273 0.110085 0.680542
0 0.501364 0.5121 0.0795262 0.4048 0.750028
41 0.382455 0.943635 0.0440922 0.104788 0.788685
41 0.557686 0.784924 0.0324981 0.119457 0.809369
0 0.574385 0.557408 0.127956 0.453621 0.825966
0 0.293985 0.408051 0.182508 0.458184 0.83815
60 0.489659 0.846622 0.329629 0.30426 0.853658
39 0.519115 0.913856 0.0471245 0.170286 0.875329
0 0.122878 0.729571 0.242608 0.538403 0.885545
0 0.679311 0.671186 0.189655 0.65537 0.926143
0 0.289581 0.669073 0.268136 0.660625 0.944261
0 0.853891 0.693811 0.290938 0.610859 0.952858
