0 0.504822 0.274578 0.0552052 0.125694 0.53079
0 0.276108 0.638412 0.355034 0.723176 0.542858
0 0.0826802 0.28991 0.0922568 0.153089 0.545474
0 0.350698 0.817538 0.234186 0.363528 0.548001
0 0.975472 0.391972 0.0481808 0.126603 0.60817
60 0.0475721 0.492158 0.0940137 0.0949629 0.663874
0 0.417816 0.511137 0.264466 0.449465 0.687827
40 0.568879 0.538324 0.0310837 0.0837573 0.706419
40 0.6138 0.548944 0.0336765 0.0749015 0.735862
0 0.155331 0.692614 0.309137 0.61133 0.758423
56 0.0228734 0.621169 0.0453759 0.179067 0.779756
0 0.514882 0.349534 0.269432 0.36324 0.791254
60 0.685124 0.753718 0.494663 0.489089 0.795299
41 0.660563 0.764853 0.0570028 0.0945383 0.831893
41 0.655143 0.873958 0.0766115 0.147954 0.836206
0 0.261999 0.306436 0.0772947 0.155607 0.845132
0 0.722373 0.505825 0.220418 0.318687 0.853808
0 0.857172 0.708853 0.284288 0.580713 0.890568
0 0.820553 0.595199 0.276063 0.402684 0.897935
