40 0.494925 0.5251 0.0187345 0.0842522 0.602958
60 0.882045 0.851507 0.234687 0.289649 0.612509
40 0.889519 0.751992 0.0274071 0.0973912 0.626528
40 0.269788 0.577829 0.023074 0.0914112 0.663264
40 0.52837 0.566773 0.0218897 0.0842892 0.734032
39 0.922065 0.824483 0.0442925 0.16819 0.740835
40 0.65453 0.533537 0.030024 0.0969384 0.746479
41 0.970886 0.91654 0.0420857 0.0909487 0.808092
39 0.941257 0.738077 0.0292817 0.131264 0.814711
39 0.851129 0.713194 0.0262579 0.134985 0.817938
0 0.392784 0.629657 0.127844 0.482717 0.83234
0 0.301179 0.657527 0.125256 0.437655 0.871922
0 0.545379 0.719478 0.132154 0.505338 0.877424
56 0.768678 0.838722 0.0856831 0.322556 0.878616
0 0.489756 0.629163 0.0987227 0.473456 0.886442
0 0.658305 0.701967 0.132139 0.595785 0.914263
