60 0.577201 0.364024 0.140715 0.327112 0.52004
0 0.492564 0.209552 0.0703743 0.220185 0.535227
0 0.790971 0.634459 0.332722 0.729491 0.553545
40 0.436102 0.535809 0.0329782 0.142332 0.560224
42 0.55682 0.746047 0.0720137 0.048488 0.585919
40 0.358143 0.793049 0.0502763 0.22871 0.603108
0 0.913721 0.233947 0.102708 0.382085 0.623492
39 0.592954 0.238308 0.0140791 0.106849 0.627874
41 0.422712 0.899786 0.0577645 0.198235 0.668383
40 0.498525 0.556873 0.035171 0.196274 0.704515
56 0.893456 0.338043 0.105413 0.39559 0.706753
0 0.68042 0.216221 0.107217 0.321229 0.730167
56 0.560967 0.425216 0.0788149 0.193963 0.732232
0 0.52927 0.143539 0.0398221 0.193745 0.749202
39 0.560813 0.254982 0.0161789 0.110755 0.757517
39 0.283434 0.93109 0.0612342 0.13627 0.814956
0 0.512316 0.405159 0.173504 0.252024 0.835277
40 0.550115 0.553425 0.0320106 0.196558 0.852782
39 0.314614 0.853273 0.0449602 0.287396 0.865426
60 0.38476 0.7428 0.523983 0.51175 0.871064
0 0.958857 0.302062 0.081502 0.594588 0.875988
0 0.682449 0.596091 0.131865 0.803667 0.895915
0 0.0997392 0.621257 0.198659 0.755473 0.90219
0 0.295459 0.539884 0.244857 0.556253 0.908664
