39 0.489273 0.886279 0.0405743 0.138667 0.522654
39 0.959968 0.898692 0.045458 0.149923 0.628803
60 0.894708 0.879821 0.208719 0.238574 0.699055
40 0.289219 0.576365 0.022226 0.0917165 0.77331
40 0.552224 0.587805 0.0221423 0.0902323 0.789077
39 0.876393 0.764933 0.0290932 0.127794 0.802204
39 0.966049 0.798333 0.0379543 0.123445 0.828618
56 0.787595 0.860904 0.0692811 0.276584 0.842967
0 0.310579 0.654766 0.116791 0.457199 0.845216
0 0.408633 0.636477 0.132002 0.501036 0.86944
0 0.514329 0.641368 0.106535 0.485958 0.877239
40 0.688217 0.570047 0.0301853 0.102873 0.886706
0 0.562651 0.735554 0.120392 0.505987 0.908702
0 0.682307 0.713833 0.150201 0.570901 0.921748
