40 0.849075 0.775848 0.0869133 0.0718507 0.518737
67 0.45569 0.78135 0.0872925 0.0417038 0.559663
0 0.710429 0.303157 0.0652386 0.113172 0.641823
0 0.849508 0.245453 0.0962516 0.0533289 0.694923
40 0.84379 0.898037 0.130444 0.202696 0.807814
0 0.697564 0.366121 0.0803591 0.169631 0.809212
0 0.412282 0.419725 0.129682 0.292234 0.849673
0 0.0940451 0.289516 0.186589 0.577568 0.912919
40 0.594832 0.818436 0.0841246 0.276969 0.928089
0 0.562363 0.552337 0.384856 0.601972 0.934084
0 0.224015 0.588004 0.446441 0.820645 0.937242
0 0.855194 0.545164 0.288623 0.568337 0.938359
