41 0.90556 0.840033 0.0418116 0.090374 0.5241
39 0.924959 0.704364 0.0318131 0.102396 0.54996
40 0.511919 0.565899 0.0199325 0.0845543 0.56596
56 0.713985 0.773725 0.0525013 0.243686 0.683441
56 0.786053 0.846534 0.105801 0.305532 0.696987
39 0.98923 0.713735 0.0208134 0.103029 0.701074
0 0.4871 0.653933 0.0865319 0.449947 0.780715
56 0.858999 0.892056 0.115659 0.213953 0.78944
39 0.834592 0.703123 0.0227604 0.120902 0.815429
39 0.860638 0.745571 0.0451843 0.169431 0.81834
0 0.297519 0.656248 0.113592 0.423903 0.84486
40 0.981946 0.821005 0.0354618 0.116433 0.869015
40 0.950347 0.906211 0.0461571 0.185315 0.869461
0 0.396157 0.643845 0.103668 0.45172 0.873321
0 0.534977 0.741719 0.128556 0.516174 0.879951
0 0.647822 0.713261 0.131896 0.57172 0.905947
