0 0.607754 0.842744 0.0459738 0.237773 0.524237
0 0.127464 0.799001 0.0437922 0.181748 0.527575
0 0.961791 0.914859 0.0754576 0.16923 0.552161
0 0.0214076 0.892113 0.0424996 0.143592 0.571816
0 0.907221 0.855843 0.0915457 0.287098 0.642125
0 0.699425 0.919051 0.0622757 0.161129 0.652271
0 0.0378719 0.797059 0.0642917 0.220079 0.752669
0 0.300696 0.857811 0.0691529 0.284378 0.755835
0 0.829106 0.885522 0.108079 0.227566 0.782176
0 0.497572 0.877896 0.152986 0.242959 0.78232
0 0.763954 0.874083 0.0739972 0.250589 0.785142
0 0.384137 0.885087 0.0943094 0.228531 0.788536
0 0.249824 0.871041 0.100917 0.256221 0.840161
0 0.180489 0.863348 0.0865926 0.271606 0.863121
