0 0.343653 0.723673 0.0327898 0.184051 0.512575
26 0.868416 0.781185 0.028726 0.118345 0.52302
0 0.317203 0.725637 0.037619 0.174476 0.558118
0 0.761636 0.700258 0.0434512 0.165396 0.590349
0 0.792352 0.689578 0.0361957 0.167618 0.637575
26 0.849492 0.792476 0.0501463 0.140023 0.713973
0 0.464336 0.797372 0.0594102 0.3002 0.767599
0 0.297809 0.800508 0.0411771 0.184199 0.781927
0 0.0251764 0.721073 0.0502317 0.121856 0.795787
0 0.415428 0.830679 0.101968 0.338487 0.848414
0 0.684858 0.766958 0.0783533 0.270476 0.849425
0 0.923606 0.793121 0.0694862 0.303049 0.859571
0 0.852114 0.825846 0.0881321 0.321847 0.86142
0 0.0757612 0.806233 0.0512526 0.18512 0.863595
0 0.569813 0.836841 0.0905904 0.32487 0.868169
0 0.22794 0.786975 0.0645193 0.245408 0.874405
0 0.0390401 0.885264 0.0773754 0.227726 0.893036
