0 0.0379466 0.508287 0.0506008 0.297312 0.506322
0 0.332684 0.420087 0.0370537 0.124726 0.559113
0 0.969467 0.456974 0.0599648 0.213129 0.646986
0 0.88324 0.469723 0.0494442 0.238959 0.698632
0 0.286938 0.458575 0.0416311 0.170393 0.75454
26 0.662917 0.463609 0.0254847 0.0913961 0.762681
0 0.498093 0.524296 0.0958975 0.336956 0.768972
0 0.638399 0.520785 0.0767054 0.313798 0.793281
0 0.182948 0.448762 0.0465338 0.165083 0.803051
0 0.842467 0.489996 0.0661567 0.256309 0.841565
0 0.0998007 0.615592 0.148787 0.445951 0.909254
0 0.39268 0.665477 0.187667 0.666721 0.939183
