0 0.155122 0.30137 0.0552344 0.169387 0.508848
41 0.518205 0.698919 0.0242979 0.0772588 0.531261
25 0.368198 0.100802 0.0843234 0.0773237 0.543307
39 0.475225 0.920806 0.0184937 0.157328 0.566188
60 0.446731 0.593995 0.135952 0.208633 0.599599
0 0.0317098 0.362917 0.0632614 0.286237 0.601516
41 0.414484 0.567867 0.0333823 0.11059 0.629623
41 0.560567 0.767227 0.0316158 0.0984953 0.630565
0 0.510037 0.488651 0.0913456 0.403188 0.631104
39 0.482252 0.693585 0.0243309 0.169349 0.640987
56 0.184717 0.404967 0.0375202 0.169617 0.65625
0 0.11063 0.333469 0.0687098 0.218612 0.717974
25 0.435734 0.25412 0.100236 0.50824 0.720875
56 0.0165285 0.534878 0.0328391 0.245534 0.74447
0 0.568854 0.547582 0.102332 0.455646 0.746015
0 0.301779 0.384702 0.183361 0.458715 0.794872
60 0.491392 0.84034 0.333398 0.316943 0.82094
41 0.610113 0.93105 0.0447256 0.119627 0.833275
41 0.38603 0.924775 0.0438718 0.117236 0.854731
39 0.521067 0.904523 0.0459293 0.188616 0.860394
0 0.12717 0.711831 0.235038 0.573846 0.897122
0 0.300429 0.656502 0.253005 0.685199 0.926729
0 0.683129 0.67453 0.192487 0.648442 0.934005
0 0.853468 0.695769 0.291756 0.606833 0.946652
