0 0.473413 0.238332 0.0271089 0.10787 0.559736
0 0.876082 0.220775 0.0383526 0.12921 0.566893
0 0.478639 0.341492 0.0667254 0.187299 0.605159
0 0.445309 0.240677 0.0237652 0.100083 0.615847
0 0.79774 0.26299 0.0411067 0.132714 0.711026
0 0.859573 0.636338 0.279299 0.725241 0.724828
0 0.83207 0.226609 0.0353027 0.119836 0.797523
0 0.643185 0.597123 0.463795 0.804359 0.805181
0 0.981762 0.342587 0.0355827 0.422044 0.820115
0 0.703193 0.412625 0.0607955 0.575336 0.822779
0 0.904278 0.20803 0.0623897 0.183033 0.839883
0 0.120659 0.158496 0.105142 0.264129 0.847503
0 0.364061 0.553359 0.368622 0.891214 0.913739
