0 0.443213 0.776533 0.0428836 0.258313 0.532835
0 0.407462 0.781202 0.0385576 0.253527 0.554464
0 0.898102 0.802947 0.0486309 0.221675 0.554645
0 0.80275 0.546032 0.0478054 0.240443 0.565505
0 0.528466 0.595165 0.0430001 0.241774 0.599808
0 0.257845 0.794758 0.0543761 0.278508 0.618577
0 0.52408 0.808216 0.0620071 0.24425 0.66547
0 0.669767 0.524705 0.0328645 0.252859 0.688904
0 0.0640471 0.766653 0.127878 0.219863 0.700449
0 0.17328 0.7495 0.0680356 0.267438 0.745104
0 0.613219 0.732433 0.0645747 0.367338 0.764211
0 0.86503 0.879301 0.0751548 0.238612 0.832487
0 0.329126 0.797243 0.0684613 0.403271 0.880074
0 0.96421 0.7912 0.0706955 0.413926 0.885724
