40 0.490858 0.601033 0.0259394 0.0948753 0.707599
40 0.973055 0.839076 0.0292505 0.0774854 0.745302
40 0.72933 0.61201 0.0260588 0.0987587 0.771432
0 0.364781 0.717277 0.121748 0.430611 0.782051
60 0.916204 0.906214 0.165417 0.184465 0.789245
0 0.461183 0.699783 0.129013 0.471994 0.81093
40 0.343261 0.62819 0.0223689 0.0876241 0.863015
0 0.555447 0.704923 0.0947365 0.469867 0.87777
56 0.830332 0.877689 0.0756928 0.243463 0.881309
0 0.607863 0.769201 0.125642 0.458994 0.900886
39 0.931697 0.806314 0.0293206 0.139808 0.903818
0 0.724756 0.741397 0.146333 0.515748 0.918853
