0 0.301452 0.765469 0.0174838 0.0909533 0.510356
0 0.341726 0.746635 0.0200732 0.100015 0.534986
0 0.563387 0.693869 0.0141942 0.114842 0.577351
0 0.0742589 0.688035 0.0276781 0.0640771 0.619043
0 0.577608 0.697429 0.0161955 0.114214 0.661734
0 0.532978 0.717112 0.0203883 0.165812 0.675474
0 0.549224 0.713515 0.0219898 0.17878 0.697886
0 0.591927 0.694222 0.0189604 0.124694 0.755558
0 0.435078 0.808584 0.195566 0.381738 0.920328
0 0.162217 0.60596 0.322382 0.784598 0.944563
0 0.782333 0.53116 0.433231 0.931592 0.95254
