40 0.196703 0.850739 0.0863363 0.231755 0.612706
40 0.787004 0.307561 0.0547127 0.170117 0.727566
40 0.511457 0.558596 0.0591216 0.18548 0.826545
40 0.309972 0.445042 0.0969547 0.210256 0.846604
0 0.210877 0.798439 0.264865 0.402093 0.903249
0 0.175875 0.656465 0.350652 0.680697 0.905241
40 0.607244 0.417962 0.0551125 0.200783 0.909219
0 0.774534 0.513471 0.259097 0.720037 0.911617
0 0.48133 0.695735 0.224801 0.606927 0.919238
0 0.584477 0.592586 0.209158 0.778268 0.92102
0 0.807988 0.743845 0.382462 0.509251 0.948619
