26 0.463693 0.863972 0.059591 0.0942043 0.518735
0 0.526498 0.793047 0.0525965 0.188423 0.531769
0 0.570335 0.867973 0.0583003 0.263387 0.575778
26 0.279904 0.844585 0.0320558 0.124299 0.676269
0 0.362936 0.828894 0.0597969 0.28134 0.67641
0 0.0597747 0.928932 0.118584 0.141201 0.823235
0 0.959268 0.853156 0.0803827 0.293174 0.830181
0 0.77074 0.825602 0.0822703 0.298845 0.832918
26 0.843851 0.849707 0.065391 0.135029 0.833668
0 0.413797 0.845364 0.0725321 0.307715 0.838652
0 0.0418077 0.822886 0.0831951 0.279812 0.843244
0 0.632868 0.86265 0.118976 0.273609 0.848493
0 0.857801 0.858765 0.0880541 0.281444 0.855179
0 0.244162 0.860116 0.101627 0.278505 0.870288
0 0.493152 0.865075 0.123059 0.268256 0.886061
0 0.154719 0.856648 0.106148 0.286012 0.91883
