0 0.0481055 0.861918 0.0146083 0.0630013 0.617143
0 0.0652609 0.856412 0.015361 0.0609166 0.623115
0 0.546065 0.589182 0.0171928 0.113869 0.636797
0 0.571474 0.57798 0.0172397 0.112934 0.709301
0 0.633744 0.500842 0.0145552 0.113202 0.718478
0 0.0152432 0.879326 0.0150705 0.066966 0.72095
0 0.49741 0.598841 0.0220493 0.128609 0.749973
0 0.52877 0.589538 0.0245026 0.124596 0.80764
0 0.465548 0.779908 0.0510506 0.438773 0.862919
0 0.407699 0.738951 0.0835501 0.52026 0.887236
0 0.806411 0.624441 0.384511 0.748873 0.938782
