56 0.0134145 0.554707 0.0267848 0.25394 0.502687
0 0.0295451 0.372081 0.059087 0.304008 0.507535
39 0.474161 0.927393 0.0180305 0.145214 0.508518
56 0.205703 0.374628 0.0391665 0.132042 0.529526
41 0.410177 0.582217 0.0352167 0.110783 0.553442
41 0.515091 0.712541 0.0252262 0.0950169 0.564371
25 0.432768 0.35267 0.100589 0.703814 0.628023
56 0.180618 0.417619 0.0382769 0.168709 0.66798
0 0.501053 0.500803 0.0863211 0.398817 0.724475
0 0.104398 0.348724 0.0701449 0.212622 0.737776
0 0.576592 0.556761 0.123298 0.462413 0.779139
41 0.38381 0.938191 0.0448259 0.116921 0.783448
0 0.296116 0.390645 0.187214 0.448094 0.792053
45 0.462848 0.781147 0.0356526 0.0622837 0.803685
41 0.559513 0.780103 0.0315239 0.113793 0.821394
41 0.60962 0.935135 0.0450342 0.117278 0.828314
39 0.52048 0.907869 0.0463503 0.182012 0.852284
60 0.490747 0.84462 0.3325 0.308391 0.855379
0 0.128128 0.721909 0.249611 0.553874 0.886061
0 0.296703 0.661745 0.258629 0.675355 0.926025
0 0.682478 0.669639 0.192444 0.657156 0.932695
0 0.85468 0.694218 0.289315 0.609956 0.953006
