56 0.847016 0.534812 0.0816614 0.0673946 0.52558
56 0.263964 0.72248 0.182172 0.09023 0.555003
60 0.842969 0.606138 0.313631 0.0247007 0.580996
56 0.0241311 0.749602 0.0479036 0.0278136 0.581456
56 0.186834 0.928524 0.372517 0.142066 0.616227
56 0.690592 0.633111 0.207209 0.0526105 0.642276
60 0.593849 0.674421 0.545241 0.0395533 0.66031
0 0.472326 0.464618 0.0615563 0.0642488 0.682625
56 0.494612 0.649107 0.210431 0.0278985 0.697107
0 0.580974 0.455352 0.0783627 0.100763 0.729002
0 0.0600782 0.497259 0.0725068 0.0822604 0.735852
56 0.967189 0.540628 0.0644303 0.0692356 0.740551
60 0.210462 0.797821 0.419161 0.0828296 0.787591
0 0.777603 0.50465 0.124908 0.160458 0.830995
56 0.773422 0.81332 0.423711 0.251287 0.858291
