40 0.857437 0.941771 0.054676 0.114589 0.529903
39 0.810731 0.906072 0.0402161 0.182795 0.539682
56 0.78322 0.811579 0.15972 0.226066 0.605127
56 0.904624 0.814579 0.138281 0.362025 0.616762
40 0.908691 0.918545 0.0521664 0.161082 0.641219
39 0.765544 0.868542 0.0213719 0.106722 0.648162
0 0.374879 0.692913 0.147019 0.613268 0.696965
0 0.537658 0.487359 0.181478 0.670076 0.721605
0 0.392635 0.352613 0.119066 0.491788 0.763892
0 0.919065 0.650278 0.159415 0.470147 0.809958
39 0.739685 0.886232 0.0357828 0.224022 0.847651
39 0.653253 0.901328 0.0323305 0.19399 0.87807
0 0.174384 0.468894 0.281397 0.748822 0.901643
0 0.209918 0.664954 0.299848 0.667673 0.924792
0 0.563486 0.598282 0.291188 0.795213 0.940045
