0 0.0459275 0.358671 0.0911694 0.105094 0.626286
39 0.697167 0.952785 0.0199451 0.0926747 0.64877
39 0.810355 0.95775 0.0209278 0.083552 0.684554
0 0.358894 0.351246 0.0513881 0.179458 0.697243
0 0.434802 0.472767 0.11643 0.573566 0.698501
0 0.268779 0.715884 0.253109 0.565873 0.735214
39 0.787516 0.936788 0.0281625 0.12493 0.764901
39 0.860305 0.954036 0.0412407 0.090627 0.787426
0 0.206187 0.57044 0.267288 0.771843 0.820531
0 0.408475 0.735419 0.140731 0.527357 0.861602
0 0.61689 0.659084 0.264973 0.673877 0.877699
0 0.943869 0.716834 0.111473 0.488896 0.878692
