0 0.543468 0.884779 0.0528261 0.222697 0.513655
0 0.469345 0.92874 0.0510048 0.14057 0.541043
0 0.431236 0.882915 0.0627642 0.228068 0.569259
0 0.526182 0.952449 0.0488705 0.0935883 0.57182
0 0.988158 0.819611 0.0227976 0.278189 0.572579
0 0.396364 0.91236 0.0650616 0.172511 0.670514
0 0.236684 0.906945 0.0650778 0.184539 0.680294
0 0.722331 0.89007 0.0549283 0.217372 0.71258
0 0.331492 0.902476 0.0651317 0.1933 0.719853
0 0.677827 0.892982 0.0639545 0.212449 0.722976
0 0.88574 0.833905 0.0544672 0.327523 0.729385
0 0.592284 0.90812 0.0721854 0.182158 0.750299
0 0.782976 0.887751 0.0705282 0.222151 0.841578
