40 0.85068 0.84769 0.0256501 0.07787 0.549564
39 0.989866 0.923089 0.0193667 0.153823 0.621009
40 0.629644 0.625652 0.0251585 0.0971732 0.769307
60 0.86496 0.904511 0.267237 0.189655 0.781945
39 0.898599 0.834166 0.0274674 0.125225 0.80523
40 0.385621 0.610218 0.0242744 0.0964759 0.807622
56 0.73011 0.88542 0.0718544 0.228269 0.807902
40 0.226417 0.657794 0.0251357 0.0962564 0.814172
39 0.813276 0.801655 0.0238822 0.117461 0.842837
40 0.496243 0.659563 0.022517 0.0909956 0.851494
0 0.357829 0.72226 0.126578 0.518074 0.869439
0 0.457454 0.721157 0.0958494 0.49871 0.878169
0 0.251322 0.74865 0.125908 0.480126 0.88038
0 0.509014 0.773274 0.122657 0.451488 0.908079
0 0.626881 0.746101 0.135415 0.50551 0.910333
