56 0.579792 0.483498 0.0519167 0.132716 0.51631
56 0.903845 0.452645 0.10398 0.331819 0.55531
42 0.546425 0.768222 0.0645214 0.0305105 0.558695
40 0.448269 0.570283 0.0245987 0.105682 0.579301
0 0.519703 0.318891 0.0745248 0.225881 0.588186
0 0.703114 0.295323 0.0726702 0.223619 0.591953
56 0.487191 0.397858 0.0302916 0.241581 0.599847
40 0.374035 0.770885 0.0385015 0.16113 0.641194
56 0.847924 0.895196 0.0252295 0.208099 0.657928
0 0.748675 0.68237 0.195572 0.631683 0.681781
39 0.580995 0.354264 0.0153151 0.0936099 0.74178
39 0.337478 0.829553 0.0343206 0.293929 0.774657
40 0.546803 0.599059 0.0281312 0.166395 0.782143
0 0.562415 0.261479 0.0482426 0.200766 0.793751
0 0.921934 0.328671 0.0936344 0.305475 0.80539
0 0.964205 0.40371 0.0708395 0.587761 0.806916
40 0.417707 0.879779 0.0452322 0.2392 0.818016
0 0.334948 0.567553 0.205734 0.465629 0.849028
40 0.365951 0.899985 0.0473052 0.198117 0.863604
0 0.640312 0.659535 0.110977 0.653352 0.8843
39 0.311943 0.892281 0.0485374 0.213311 0.885448
0 0.791345 0.278114 0.0879704 0.467662 0.890203
60 0.379918 0.768796 0.49665 0.460162 0.899719
56 0.0580595 0.783562 0.116119 0.431423 0.907989
0 0.541446 0.485204 0.144582 0.233825 0.916689
0 0.169659 0.658261 0.171701 0.679442 0.917062
