0 0.469408 0.281593 0.0510801 0.120354 0.538178
43 0.673952 0.95314 0.0403155 0.0931405 0.602622
0 0.957065 0.450546 0.0829764 0.127756 0.625993
41 0.616407 0.867602 0.0621764 0.151934 0.664696
41 0.601535 0.72389 0.0450176 0.101234 0.681822
0 0.462117 0.372411 0.258464 0.337524 0.714201
39 0.897629 0.732421 0.104637 0.106708 0.714438
60 0.642638 0.77963 0.454354 0.438715 0.726999
0 0.363824 0.316026 0.0702252 0.282451 0.750556
40 0.560508 0.558675 0.0315699 0.0836044 0.765912
0 0.905568 0.4351 0.0894314 0.143831 0.823449
0 0.259709 0.245871 0.160079 0.340343 0.871429
0 0.665232 0.535836 0.173141 0.300523 0.877795
0 0.105686 0.477383 0.210821 0.422884 0.908244
0 0.797889 0.614568 0.23146 0.391734 0.90833
0 0.219945 0.690375 0.43718 0.615723 0.921829
