0 0.350406 0.716582 0.0329719 0.130361 0.568146
0 0.788716 0.688541 0.049254 0.159657 0.590982
24 0.231642 0.845324 0.0529234 0.090533 0.712008
0 0.165251 0.828116 0.0516225 0.295893 0.794928
0 0.894472 0.746255 0.055161 0.245711 0.812611
0 0.843689 0.764548 0.0611328 0.244125 0.822323
0 0.703747 0.821214 0.0872389 0.355781 0.825422
0 0.513173 0.817892 0.0629868 0.271856 0.830613
0 0.576997 0.832408 0.0967904 0.333691 0.84624
0 0.202461 0.856621 0.106124 0.284946 0.862034
0 0.412477 0.830829 0.0926459 0.334716 0.88531
0 0.336606 0.847597 0.118406 0.303353 0.900452
0 0.0750044 0.874426 0.0964982 0.249847 0.907746
