0 0.162363 0.75901 0.058632 0.418645 0.512191
0 0.217067 0.774824 0.0534985 0.399814 0.525265
0 0.376649 0.769313 0.0519535 0.423048 0.575658
0 0.0233932 0.760597 0.0466166 0.387022 0.602018
0 0.479051 0.797511 0.0607111 0.400293 0.604785
0 0.681716 0.695056 0.0589397 0.445961 0.611197
0 0.427938 0.788634 0.0530395 0.420795 0.630544
0 0.744358 0.70376 0.0725979 0.449867 0.636623
0 0.312439 0.784858 0.0558654 0.399798 0.641407
0 0.553068 0.780755 0.0572691 0.43206 0.647331
0 0.264482 0.775994 0.0597782 0.40842 0.64896
0 0.631394 0.792839 0.0821627 0.409992 0.739134
