40 0.515663 0.618984 0.0566931 0.185637 0.816508
40 0.811011 0.92297 0.143213 0.153206 0.839729
40 0.61522 0.506259 0.048564 0.199474 0.859472
0 0.205289 0.817173 0.313276 0.363964 0.883334
0 0.773825 0.598687 0.232937 0.696105 0.902376
0 0.478865 0.723276 0.237188 0.550611 0.908751
40 0.248338 0.784118 0.0728857 0.262792 0.909218
0 0.188416 0.67472 0.375657 0.646308 0.922626
0 0.799601 0.729092 0.398251 0.539553 0.927865
40 0.344241 0.455019 0.100794 0.213476 0.928423
0 0.58818 0.642948 0.202348 0.711778 0.931137
