57 0.0794016 0.677211 0.157993 0.143053 0.526881
60 0.880434 0.806144 0.238107 0.385043 0.559994
57 0.189515 0.845118 0.377557 0.308303 0.661899
40 0.207311 0.393823 0.0219373 0.0827494 0.707568
39 0.766202 0.563961 0.0232785 0.115631 0.721358
56 0.651934 0.62399 0.0399968 0.22476 0.725775
56 0.795317 0.814047 0.127279 0.368795 0.725818
41 0.82253 0.681065 0.039524 0.0768488 0.729795
40 0.479507 0.428415 0.022411 0.0861381 0.790057
0 0.438919 0.505178 0.0850527 0.450393 0.80482
39 0.785977 0.599785 0.0394316 0.1547 0.806913
39 0.91727 0.615279 0.0440979 0.178174 0.808584
39 0.846713 0.58452 0.0292358 0.135089 0.813013
40 0.601422 0.354808 0.0307859 0.0993633 0.81424
41 0.914019 0.827575 0.0531248 0.0652627 0.834169
0 0.24591 0.500887 0.11826 0.416478 0.861763
0 0.347235 0.489425 0.105365 0.445976 0.872165
0 0.485715 0.596844 0.112911 0.502926 0.873384
40 0.854872 0.752462 0.0500054 0.195116 0.876216
40 0.897659 0.66291 0.0399295 0.099058 0.877441
0 0.594523 0.596237 0.132627 0.6144 0.906008
