40 0.892067 0.268016 0.0393493 0.169388 0.679124
40 0.582931 0.537972 0.0463953 0.167863 0.782065
40 0.669344 0.411384 0.0462336 0.193088 0.801448
40 0.330214 0.693919 0.0692655 0.2173 0.840601
40 0.46014 0.550936 0.0749731 0.186168 0.90405
0 0.826183 0.519984 0.274821 0.759797 0.905722
0 0.31789 0.754697 0.213644 0.489193 0.908424
0 0.532789 0.677188 0.239192 0.642992 0.913234
0 0.643066 0.594799 0.232393 0.809313 0.915115
0 0.272046 0.631538 0.415422 0.736422 0.925663
0 0.850684 0.741433 0.296248 0.514367 0.931224
