56 0.455322 0.284183 0.030308 0.198235 0.516322
40 0.345512 0.593975 0.0387567 0.153782 0.521166
40 0.436647 0.546568 0.0328795 0.162657 0.56374
40 0.421351 0.908089 0.0563614 0.181925 0.567856
42 0.558217 0.76161 0.0748137 0.0448646 0.57453
40 0.499561 0.550591 0.0360214 0.190134 0.58045
0 0.683468 0.221668 0.107212 0.330538 0.653175
41 0.421294 0.906375 0.0558567 0.179483 0.660406
56 0.897722 0.35797 0.106472 0.302179 0.664914
39 0.594599 0.247417 0.0147768 0.103129 0.678994
39 0.562189 0.260567 0.0167094 0.114327 0.745302
0 0.917352 0.216499 0.107978 0.331011 0.761955
39 0.283087 0.938693 0.060725 0.121425 0.765529
0 0.50768 0.21711 0.0844265 0.192058 0.779921
40 0.357065 0.793263 0.0483804 0.240959 0.78423
56 0.560869 0.435635 0.0805411 0.195632 0.789512
40 0.550549 0.563658 0.0322092 0.200823 0.809664
0 0.821102 0.640867 0.283624 0.7169 0.83272
60 0.389009 0.740474 0.51582 0.516213 0.856865
0 0.512032 0.418092 0.176319 0.26341 0.860746
0 0.960287 0.304262 0.0785756 0.600613 0.861807
0 0.684379 0.602133 0.131547 0.791744 0.904528
39 0.31348 0.862404 0.0458335 0.273985 0.913168
0 0.296304 0.551165 0.244184 0.57126 0.915839
0 0.101696 0.626164 0.202453 0.745535 0.923324
