42 0.342283 0.677778 0.0675047 0.0467597 0.539174
40 0.226313 0.604914 0.0504913 0.140773 0.543025
40 0.258626 0.777063 0.0873417 0.125833 0.587925
39 0.213176 0.561494 0.0430358 0.186997 0.677436
40 0.243854 0.896169 0.106519 0.206154 0.811712
40 0.122355 0.900018 0.117124 0.192159 0.841604
43 0.0169947 0.917315 0.0339893 0.1159 0.849298
41 0.158152 0.630967 0.050469 0.0930785 0.865691
0 0.0443712 0.476667 0.0878648 0.413511 0.868777
0 0.432827 0.601401 0.232015 0.56022 0.886556
42 0.0483097 0.875444 0.0302372 0.136754 0.887506
60 0.246551 0.814528 0.490765 0.368604 0.903036
0 0.803695 0.661373 0.390654 0.671632 0.907879
0 0.941196 0.527282 0.116755 0.191626 0.911526
0 0.607928 0.669243 0.269566 0.659998 0.919828
