0 0.07687 0.75851 0.0646563 0.117618 0.545691
26 0.731619 0.761735 0.0333607 0.101108 0.623504
0 0.845452 0.765276 0.0637213 0.24127 0.787102
0 0.165907 0.826987 0.0524184 0.293253 0.802462
0 0.895736 0.747032 0.0596592 0.246023 0.803064
0 0.707744 0.816008 0.0874838 0.367984 0.839028
0 0.513246 0.813568 0.0629371 0.264054 0.844426
0 0.578631 0.833176 0.0995803 0.332276 0.851654
0 0.204572 0.857167 0.106146 0.282414 0.859195
0 0.411906 0.831485 0.0931616 0.333892 0.882279
0 0.337635 0.84761 0.119486 0.304567 0.888074
0 0.0746017 0.875796 0.0962154 0.247238 0.911269
