39 0.536028 0.54027 0.0352714 0.125503 0.505685
56 0.820492 0.496921 0.0355766 0.22533 0.516349
65 0.422283 0.568405 0.0576316 0.0245572 0.535952
40 0.792653 0.198385 0.0267625 0.111411 0.577472
39 0.959638 0.443672 0.0348787 0.12562 0.625701
39 0.97494 0.50098 0.0491745 0.199868 0.667115
0 0.593136 0.397836 0.0886077 0.527383 0.778511
56 0.9524 0.755933 0.0941729 0.484447 0.81293
0 0.411064 0.355096 0.114471 0.403886 0.83605
0 0.502677 0.345771 0.101583 0.441227 0.875289
0 0.638655 0.454025 0.120393 0.505078 0.903508
0 0.761813 0.453438 0.179339 0.63842 0.906145
57 0.263914 0.720087 0.524379 0.557642 0.948035
