0 0.616286 0.597044 0.0343311 0.109548 0.527408
0 0.347214 0.586536 0.0486926 0.107248 0.54853
0 0.407112 0.594567 0.041896 0.102034 0.565891
60 0.361398 0.824394 0.0933961 0.269369 0.592459
0 0.261725 0.611941 0.069404 0.146659 0.64335
60 0.403351 0.738062 0.0696253 0.18916 0.650841
56 0.83243 0.771541 0.0356571 0.0826565 0.677246
0 0.209443 0.627263 0.0496733 0.161789 0.691383
56 0.146465 0.679086 0.0986001 0.1546 0.699228
56 0.0376381 0.835186 0.0746261 0.225302 0.7323
39 0.732838 0.913304 0.0269698 0.16568 0.806409
0 0.676046 0.612975 0.0531321 0.167188 0.825454
0 0.479847 0.658455 0.0785266 0.433083 0.844581
0 0.726942 0.73679 0.165812 0.417705 0.922347
0 0.873441 0.754548 0.252193 0.48736 0.936779
