0 0.488547 0.287172 0.0230145 0.0981221 0.530646
24 0.112549 0.334094 0.0488562 0.170753 0.533071
0 0.797812 0.327227 0.0522316 0.22632 0.59176
0 0.88668 0.616465 0.225465 0.764799 0.592302
0 0.702792 0.448845 0.0638873 0.505015 0.654086
0 0.511461 0.290812 0.0257635 0.120754 0.703344
0 0.748744 0.350758 0.0571923 0.223098 0.720637
0 0.196781 0.164286 0.0751369 0.292059 0.793512
0 0.121606 0.347962 0.0774714 0.369785 0.874533
0 0.642048 0.60208 0.492318 0.794323 0.906084
0 0.36139 0.538162 0.330249 0.921896 0.911356
