40 0.557257 0.585024 0.0206662 0.0842102 0.505704
60 0.451021 0.966915 0.319599 0.0649581 0.56601
40 0.972503 0.809589 0.0291862 0.0647719 0.653034
40 0.337999 0.63142 0.0210697 0.0878007 0.722727
60 0.917137 0.895728 0.16243 0.203242 0.759719
40 0.720461 0.599403 0.031166 0.0988033 0.833202
39 0.931845 0.784878 0.028294 0.140515 0.841338
0 0.368472 0.719111 0.118877 0.43817 0.849235
0 0.464018 0.697739 0.121903 0.477369 0.852054
0 0.554877 0.698137 0.0995778 0.476469 0.874737
56 0.834627 0.870219 0.0836375 0.259053 0.893825
0 0.609518 0.764243 0.130579 0.469107 0.903084
0 0.72395 0.735231 0.137026 0.528235 0.920155
