40 0.385412 0.574256 0.0230374 0.100269 0.687673
39 0.98261 0.902091 0.0339022 0.195818 0.715025
40 0.983814 0.945912 0.0315151 0.10756 0.726757
0 0.254841 0.705873 0.123165 0.463779 0.799047
40 0.496547 0.618089 0.0213719 0.0885569 0.8122
39 0.885915 0.789894 0.0276082 0.117691 0.819079
39 0.80346 0.759475 0.0244337 0.111892 0.820707
40 0.229937 0.622171 0.0226663 0.0961253 0.827097
40 0.624536 0.592036 0.0231518 0.0948067 0.841983
60 0.861754 0.879721 0.275 0.238257 0.855258
0 0.455748 0.677173 0.0963268 0.484729 0.869087
0 0.35963 0.683366 0.12853 0.509074 0.877567
56 0.726003 0.865393 0.0726831 0.267165 0.907451
0 0.507249 0.755294 0.121413 0.485759 0.910078
0 0.621879 0.728444 0.136399 0.541405 0.914447
