0 0.0416034 0.418101 0.0832069 0.0471949 0.516304
41 0.0637308 0.941153 0.126615 0.116586 0.628796
0 0.940429 0.431211 0.0926293 0.0543163 0.631812
0 0.855159 0.422231 0.0855855 0.0544132 0.679322
41 0.842712 0.93992 0.212417 0.119235 0.697001
0 0.940544 0.731668 0.117786 0.233727 0.737607
56 0.129792 0.660145 0.132386 0.259149 0.780377
0 0.783045 0.424804 0.144503 0.0709561 0.781606
60 0.499967 0.909983 0.993376 0.177649 0.830285
56 0.898893 0.605398 0.200148 0.178519 0.877191
0 0.520859 0.6384 0.702969 0.441148 0.881545
