56 0.868608 0.234831 0.190732 0.0341598 0.53277
40 0.0572121 0.85945 0.113461 0.280327 0.540368
60 0.308337 0.266102 0.0941212 0.0542776 0.557051
0 0.772637 0.211354 0.149453 0.0823957 0.566156
0 0.928306 0.188009 0.139071 0.079655 0.604157
60 0.0882481 0.330734 0.176071 0.118964 0.609762
0 0.12844 0.208158 0.0752585 0.0527591 0.611351
56 0.208353 0.268159 0.119516 0.0771077 0.611842
0 0.205446 0.239731 0.141818 0.0964188 0.630187
56 0.0328323 0.343099 0.0648243 0.136813 0.671248
56 0.956818 0.417537 0.0845146 0.298075 0.68702
40 0.92015 0.844094 0.157769 0.310066 0.706679
60 0.498786 0.778697 0.997572 0.437654 0.710847
40 0.837475 0.762378 0.262924 0.380881 0.889592
40 0.608992 0.838226 0.394733 0.322125 0.91602
40 0.229982 0.834198 0.442889 0.329363 0.92999
0 0.475645 0.392762 0.949705 0.652954 0.946765
