0 0.039081 0.413054 0.0781166 0.0470761 0.509217
41 0.0493576 0.939744 0.0980925 0.117454 0.542277
40 0.9099 0.508782 0.0496912 0.0408592 0.566352
0 0.308354 0.493897 0.615608 0.32055 0.590371
40 0.830176 0.942079 0.214739 0.11503 0.644403
56 0.927202 0.488471 0.142735 0.060198 0.646454
0 0.856198 0.424414 0.0815352 0.0523436 0.661255
56 0.121417 0.656456 0.129259 0.260057 0.782307
0 0.933714 0.736539 0.131419 0.235816 0.783138
60 0.50034 0.909452 0.992337 0.178819 0.818102
56 0.895994 0.609176 0.206013 0.17728 0.87364
0 0.510012 0.638963 0.702696 0.446974 0.922318
