40 0.918909 0.962979 0.159561 0.0731281 0.551456
0 0.160986 0.188609 0.152492 0.113912 0.552132
0 0.916083 0.110397 0.164886 0.105116 0.580249
0 0.746684 0.146213 0.155584 0.0849637 0.589184
0 0.0856492 0.150205 0.0740949 0.0552079 0.618625
40 0.919864 0.834454 0.158343 0.329455 0.709694
60 0.499073 0.7564 0.992289 0.481243 0.737176
56 0.948087 0.367029 0.101832 0.322047 0.753653
40 0.842326 0.731679 0.295207 0.391902 0.885836
40 0.2186 0.824032 0.435549 0.349702 0.896953
0 0.463957 0.369961 0.925526 0.739923 0.94276
40 0.589857 0.828397 0.417318 0.342376 0.949959
