0 0.406081 0.417787 0.120211 0.0919306 0.525697
41 0.694433 0.989509 0.225657 0.0203749 0.529009
41 0.0528653 0.930034 0.105142 0.106446 0.556863
0 0.936314 0.422838 0.124712 0.0561035 0.564237
0 0.483546 0.575521 0.965509 0.55216 0.600602
40 0.922855 0.497647 0.0467921 0.0379055 0.6385
0 0.949523 0.725351 0.0991414 0.228192 0.651534
56 0.930471 0.462093 0.137795 0.0308779 0.658433
0 0.523575 0.629033 0.728773 0.443993 0.670064
0 0.874949 0.413574 0.0899504 0.0532979 0.689902
0 0.787831 0.415828 0.134923 0.0728311 0.760853
60 0.500814 0.906981 0.995473 0.183577 0.783539
56 0.141902 0.662326 0.13501 0.244635 0.801041
56 0.905007 0.595914 0.188605 0.179236 0.829243
